02 00 28 60 E1 67 2C 06 E1 F2 04 D2 40 74 02 12 
E0 85 05 D2 21 71 19 52 00 3A C6 28 32 00 32 01 
B7 97 75 57 16 E0 DA 20 74 32 77 57 67 7C 75 32 
77 1B 32 0F 87 32 0F 87 32 0F 87 32 0E 87 32 0F 
87 32 0E 87 32 0E 87 32 0F 87 32 0E 87 32 0E 87 
32 0F 87 32 0E 87 57 32 0F 87 32 0F 87 32 0E 87 
32 0E 87 32 0F 87 32 0E 87 32 0E 87 32 0F 87 32 
0E 87 32 0E 87 32 0F 87 32 0E 87 57 12 A0 F8 15 
1A 00 57 28 32 07 97 57 32 0F 87 32 0F 87 32 0F 
87 57 32 0F 87 32 0E 87 32 0F 87 57 32 0E 87 32 
0F 87 32 0F 87 57 32 0F 87 32 0E 87 32 0E 87 57 
32 0E 87 32 0E 87 32 0F 87 57 32 0E 87 32 0F 87 
32 0E 87 57 32 0E 87 32 0E 87 32 0E 87 57 32 0F 
87 32 0F 87 32 0E 87 57 00 00 00 00 00 00 00 00 
